
01/06/2020
7
19127001
19127003
19127004
19127006
19127007
19127008
19125110
02/06/2020
8
19127001
19127003
19127004
19127005
19127006
19127007
19127009
19125110
30/06/2020
8
19127001
19127003
19127005
19127006
19127007
19127008
19127009
19125110
01/06/2020
10
19127001
19127003
19127004
19127005
19127006
19127007
19127008
19127009
19127010
19125110
02/06/2020
10
19127001
19127003
19127004
19127005
19127006
19127007
19127008
19127009
19127010
19125110
30/06/2020
10
19127001
19127003
19127004
19127005
19127006
19127007
19127008
19127009
19127010
19125110
06/06/2020
6
19125
19125
19127001
19127001
19127001
19125